
----------------------------------------------------------------
C: 2.00518893245e-05
gradC: [[ -1.47999420e-05]
 [ -5.77604968e-06]
 [ -3.93589418e-05]
 [ -1.84999275e-06]
 [ -5.98362634e-06]
 [ -3.99241966e-05]]
WB: [[ 26.65513047]
 [  9.23262183]
 [ 10.73774337]
 [ -7.33607758]
 [ -4.66913295]
 [ -5.18161002]]

----------------------------------------------------------------
C: 0.001074158175
gradC: [[-0.04407735]
 [-0.00233528]
 [-0.00166139]
 [-0.00734623]
 [-0.00355506]
 [-0.00207791]]
WB: [[ 26.55041902]
 [  9.16836475]
 [ 10.67496928]
 [ -7.31549805]
 [ -4.63908917]
 [ -5.15033853]]
